$ANSIBLE_VAULT;1.1;AES256
65366562663731353738306263343634663935323132393430393465626530393337313537323332
3663633833323433623834653563383766313134663364320a633333353661663639613738316636
63386363656236306462623936306630613161633839346539316331373031316263643039663532
3837376132363935660a663431333264376633383733383631356238326666353434663033346433
36616261363230313462343937663264616533353537626133613734323535623734313062616632
33633263326533326239666262626134616332616531313561323235343262323932656663326464
61343132613064313137316336663462643465353161333462616130363466343331323736396135
66383461323633346561366530643531636166636361643061376630313666323235333562366664
32343264353938383632663831336432653237336434663034643836356139383335656361323835
34346238356534393561626131393638366232646636633666383134303334343364636163663438
37353166313664643364333864326439626630623539343366393032383232616162666661333062
37383366343138653261303966343435363861353735643734656235613961343235336531353036
36623065633837333833396431306161623034363831353133363561653535323338333162386432
39376463646332663765333461393962623436393038383538373237336366636263633133646338
65313235366436333164303932343732383339663263306362346165646663663732643630313033
32333962373739366137643362636262323262383036656666643735343833613530376362633161
35353462396664626636373335386563333532333466393562333739303730613665656630376236
3164666131646133313861323134633137373830303763373063
