$ANSIBLE_VAULT;1.1;AES256
31346233346561613264323632343065656338303237393663373734303133323866383433363366
6163646430363265613836326464306363623830626363630a613866336534646165653037393330
61646261633130356164323464336462333737343865643834393630326232616630386237386639
3530323362373864660a393436343861356661333764393865363734333961303737653239363364
62643234323764303735343331666566386565356662313830313431343239633262313436383834
65336235626437666666333737396434356262623466323365343764636430343939323836366639
66653339373966376235616330313662663438326265376231336561643862666161613934366533
38643161363830616430373663396666326562393265663633383936333731373338653033356139
66396662346135313838383663623638363439353061366533666264316162626232323066646530
62613136353034303238333734393531306439613939396466343732663134336365303665343539
63333337363036383236353434356235316131316631396361363765353237373630313634306131
64663761656464393837343633386136616532366533653763373430303562316431346634383261
30353634626131663236396561396239393065643337613065316166623232363331663935356262
31333864393331343739373135323232323332653963383234656439343532366138613231313262
38653638393733396563616464353264393232633236626236376261666630313036343434306331
66323266396437653734396632366262383433343664343165643163633861353432616537323132
65663864326338343630356430663937316438313866326664623961666636333333666535323961
63373933393737343236303364623431646133366561333863656530626233643564393865373661
61323835303737383736373835366464323634373932303537393736313261653465363661373733
32613561626134316232363466336632353532366566396162616130633232373266666661376235
35656366616539303534653966383238653630373032303866396333313237396538393734316461
61386333643132356161383338666462323034373464343662346363663835353030656632613766
30336131353665633738363363363036333166323234643035663664376364303163656631393636
62356133366236646361
