$ANSIBLE_VAULT;1.1;AES256
33633164666638346533636539336534333037343665366137653563303762336435663832333865
3962333365366162663361326265336238366334386539620a383062343465313130656434366639
33393664616465626265346235346439626534366436336432376134336164383663653061336562
3239313762313165360a616635373762343332343564613436653164373064376163313438343965
64316537663736653066616437663131323864616139626463653130303937663438306565363934
62613563643462323633623562613231633235386236396333383936363737353333366462393536
30666664373230386132323935363130356363666461346465356261353130626131343963333564
61376437636139313966303063323934396461336366393064363537613730643332376463616537
34646539616164646239333338303761376666626636353965396464306432623130653134393538
38396464376466636131616265396135656232393933393133613261313639636535333236626363
39363534666638626231323036316233613561396631363666656631663337663765326432626232
63356662333532656235313563626665663335623339396137376139623065376530653161313034
37396332623839633864663965346535353732366561346661633233653363393331366561346562
63353636373339383966386265316331353539313061626662303036643734323535623563346366
66623435636563336333383932323361356563636532636636663635363838383864643737326539
66616661666331323436636139386334356263623937333336343166373633613262613735366262
61353031313238663035333538633831313838333531356566386334316133356165626462363831
3564626534623766363431356165373039616535393963623531
